6444 1434 7655 0625                                                                                                
6444 1333 4433p0625 6242 1222 3322p0122p
6444 1222 -----0625 
6444 1222 
6444 1434 -----0122 
6444 1434 7655 0122 5536 1333 
6444 1424 
6444 0625 
6444 1626 -----0516 
6444 1232 
6343 0625 6242 1424 7152 0541 6050 4152k
6343 0625 6242 1424 7655 1121 -----0211 
6343 0625 6242 1424 7655 0541 
6343 0625 6242 1626 -----0516 -----1323 
6343 0625 6242 1626 7152 1333 
6343 0625 6242 1232 
6343 1333 6242 1222 
6343 1333 6242 1424 
6343 1333 6242 3342p
6343 1535 